W_d=0.44340691808871624
W_dp=8.951823745725934
W_dpv=5.862983556994122
W_dv=6.522775009166291
W_p=4.519291271283208
W_pv=7.756827936500521
W_v=0.215728651079993
Y_base=0.32848884751686647
tau_d=0.5855834980426353
tau_p=0.5835365842326468
tau_v=0.9262113671717297
