W_d=0.47531980423231657
W_dp=1.4686165375401004
W_dv=0.10021731215295529
W_p=0.3720993153686558
W_pv=0.37883619255251477
W_v=0.183104735291918
Y_base=0.0304886232515438
tau_d=0.8036682181129143
tau_p=0.819030242269201
tau_v=0.8616450202010071
